# GIMP curves tool settings

(time 0)
(channel value)
(curve
    (curve-type smooth)
    (n-points 17)
    (points 34 0.000000 0.000000 -1.000000 -1.000000 -1.000000 -1.000000 -1.000000 -1.000000 -1.000000 -1.000000 -1.000000 -1.000000 -1.000000 -1.000000 -1.000000 -1.000000 -1.000000 -1.000000 -1.000000 -1.000000 -1.000000 -1.000000 -1.000000 -1.000000 -1.000000 -1.000000 -1.000000 -1.000000 -1.000000 -1.000000 -1.000000 -1.000000 1.000000 1.000000)
    (n-samples 256)
    (samples 256 0.000000 0.003922 0.007843 0.011765 0.015686 0.019608 0.023529 0.027451 0.031373 0.035294 0.039216 0.043137 0.047059 0.050980 0.054902 0.058824 0.062745 0.066667 0.070588 0.074510 0.078431 0.082353 0.086275 0.090196 0.094118 0.098039 0.101961 0.105882 0.109804 0.113725 0.117647 0.121569 0.125490 0.129412 0.133333 0.137255 0.141176 0.145098 0.149020 0.152941 0.156863 0.160784 0.164706 0.168627 0.172549 0.176471 0.180392 0.184314 0.188235 0.192157 0.196078 0.200000 0.203922 0.207843 0.211765 0.215686 0.219608 0.223529 0.227451 0.231373 0.235294 0.239216 0.243137 0.247059 0.250980 0.254902 0.258824 0.262745 0.266667 0.270588 0.274510 0.278431 0.282353 0.286275 0.290196 0.294118 0.298039 0.301961 0.305882 0.309804 0.313725 0.317647 0.321569 0.325490 0.329412 0.333333 0.337255 0.341176 0.345098 0.349020 0.352941 0.356863 0.360784 0.364706 0.368627 0.372549 0.376471 0.380392 0.384314 0.388235 0.392157 0.396078 0.400000 0.403922 0.407843 0.411765 0.415686 0.419608 0.423529 0.427451 0.431373 0.435294 0.439216 0.443137 0.447059 0.450980 0.454902 0.458824 0.462745 0.466667 0.470588 0.474510 0.478431 0.482353 0.486275 0.490196 0.494118 0.498039 0.501961 0.505882 0.509804 0.513725 0.517647 0.521569 0.525490 0.529412 0.533333 0.537255 0.541176 0.545098 0.549020 0.552941 0.556863 0.560784 0.564706 0.568627 0.572549 0.576471 0.580392 0.584314 0.588235 0.592157 0.596078 0.600000 0.603922 0.607843 0.611765 0.615686 0.619608 0.623529 0.627451 0.631373 0.635294 0.639216 0.643137 0.647059 0.650980 0.654902 0.658824 0.662745 0.666667 0.670588 0.674510 0.678431 0.682353 0.686275 0.690196 0.694118 0.698039 0.701961 0.705882 0.709804 0.713725 0.717647 0.721569 0.725490 0.729412 0.733333 0.737255 0.741176 0.745098 0.749020 0.752941 0.756863 0.760784 0.764706 0.768627 0.772549 0.776471 0.780392 0.784314 0.788235 0.792157 0.796078 0.800000 0.803922 0.807843 0.811765 0.815686 0.819608 0.823529 0.827451 0.831373 0.835294 0.839216 0.843137 0.847059 0.850980 0.854902 0.858824 0.862745 0.866667 0.870588 0.874510 0.878431 0.882353 0.886275 0.890196 0.894118 0.898039 0.901961 0.905882 0.909804 0.913725 0.917647 0.921569 0.925490 0.929412 0.933333 0.937255 0.941176 0.945098 0.949020 0.952941 0.956863 0.960784 0.964706 0.968627 0.972549 0.976471 0.980392 0.984314 0.988235 0.992157 0.996078 1.000000))
(time 0)
(channel red)
(curve
    (curve-type smooth)
    (n-points 17)
    (points 34 0.000000 0.000000 -1.000000 -1.000000 -1.000000 -1.000000 -1.000000 -1.000000 -1.000000 -1.000000 -1.000000 -1.000000 -1.000000 -1.000000 -1.000000 -1.000000 -1.000000 -1.000000 -1.000000 -1.000000 0.596591 0.558594 -1.000000 -1.000000 -1.000000 -1.000000 -1.000000 -1.000000 -1.000000 -1.000000 0.917647 1.000000 -1.000000 -1.000000)
    (n-samples 256)
    (samples 256 0.000000 0.003371 0.006742 0.010113 0.013485 0.016856 0.020229 0.023601 0.026974 0.030348 0.033723 0.037098 0.040474 0.043851 0.047229 0.050608 0.053988 0.057370 0.060753 0.064137 0.067523 0.070910 0.074299 0.077690 0.081083 0.084477 0.087873 0.091272 0.094672 0.098075 0.101480 0.104887 0.108296 0.111709 0.115123 0.118541 0.121961 0.125384 0.128809 0.132238 0.135670 0.139105 0.142543 0.145984 0.149429 0.152877 0.156329 0.159784 0.163243 0.166706 0.170172 0.173643 0.177117 0.180596 0.184078 0.187565 0.191056 0.194552 0.198051 0.201556 0.205065 0.208579 0.212097 0.215620 0.219149 0.222682 0.226220 0.229763 0.233312 0.236866 0.240425 0.243990 0.247560 0.251136 0.254718 0.258305 0.261899 0.265498 0.269103 0.272714 0.276332 0.279955 0.283585 0.287222 0.290865 0.294514 0.298170 0.301833 0.305502 0.309179 0.312862 0.316552 0.320250 0.323954 0.327666 0.331386 0.335112 0.338846 0.342588 0.346337 0.350094 0.353859 0.357632 0.361413 0.365201 0.368998 0.372803 0.376616 0.380438 0.384268 0.388107 0.391954 0.395809 0.399674 0.403547 0.407430 0.411321 0.415221 0.419130 0.423049 0.426977 0.430914 0.434861 0.438817 0.442783 0.446758 0.450743 0.454738 0.458743 0.462758 0.466783 0.470818 0.474863 0.478919 0.482985 0.487061 0.491148 0.495246 0.499354 0.503473 0.507603 0.511744 0.515896 0.520058 0.524232 0.528418 0.532614 0.536822 0.541042 0.545273 0.549515 0.553769 0.558594 0.562888 0.567222 0.571596 0.576010 0.580463 0.584954 0.589483 0.594050 0.598654 0.603294 0.607970 0.612682 0.617428 0.622209 0.627024 0.631872 0.636754 0.641668 0.646614 0.651591 0.656599 0.661638 0.666706 0.671805 0.676932 0.682087 0.687271 0.692482 0.697720 0.702984 0.708274 0.713590 0.718931 0.724296 0.729685 0.735098 0.740533 0.745991 0.751471 0.756973 0.762495 0.768038 0.773601 0.779183 0.784784 0.790404 0.796041 0.801696 0.807368 0.813057 0.818761 0.824481 0.830216 0.835965 0.841728 0.847505 0.853295 0.859097 0.864911 0.870736 0.876572 0.882419 0.888276 0.894142 0.900017 0.905901 0.911792 0.917691 0.923597 0.929509 0.935428 0.941351 0.947280 0.953213 0.959150 0.965091 0.971034 0.976980 0.982928 0.988877 0.994827 1.000000 1.000000 1.000000 1.000000 1.000000 1.000000 1.000000 1.000000 1.000000 1.000000 1.000000 1.000000 1.000000 1.000000 1.000000 1.000000 1.000000 1.000000 1.000000 1.000000 1.000000 1.000000))
(time 0)
(channel green)
(curve
    (curve-type smooth)
    (n-points 17)
    (points 34 0.000000 0.082353 -1.000000 -1.000000 -1.000000 -1.000000 -1.000000 -1.000000 0.247059 0.243137 -1.000000 -1.000000 -1.000000 -1.000000 -1.000000 -1.000000 -1.000000 -1.000000 -1.000000 -1.000000 -1.000000 -1.000000 -1.000000 -1.000000 -1.000000 -1.000000 0.796078 0.854902 -1.000000 -1.000000 -1.000000 -1.000000 1.000000 1.000000)
    (n-samples 256)
    (samples 256 0.082353 0.084279 0.086205 0.088133 0.090065 0.092000 0.093939 0.095885 0.097837 0.099796 0.101764 0.103742 0.105730 0.107730 0.109741 0.111766 0.113806 0.115860 0.117930 0.120018 0.122123 0.124248 0.126392 0.128558 0.130745 0.132954 0.135188 0.137446 0.139730 0.142040 0.144377 0.146744 0.149139 0.151565 0.154022 0.156511 0.159034 0.161590 0.164182 0.166809 0.169474 0.172176 0.174918 0.177699 0.180521 0.183384 0.186290 0.189240 0.192234 0.195274 0.198360 0.201494 0.204676 0.207907 0.211188 0.214521 0.217906 0.221343 0.224835 0.228382 0.231984 0.235644 0.239361 0.243137 0.246954 0.250792 0.254653 0.258534 0.262437 0.266360 0.270304 0.274268 0.278251 0.282254 0.286277 0.290318 0.294378 0.298456 0.302552 0.306665 0.310797 0.314945 0.319110 0.323291 0.327488 0.331702 0.335931 0.340175 0.344434 0.348708 0.352996 0.357298 0.361614 0.365943 0.370285 0.374641 0.379008 0.383388 0.387780 0.392183 0.396598 0.401024 0.405460 0.409907 0.414364 0.418831 0.423307 0.427792 0.432286 0.436789 0.441300 0.445819 0.450345 0.454879 0.459420 0.463968 0.468522 0.473082 0.477649 0.482220 0.486797 0.491379 0.495965 0.500556 0.505151 0.509749 0.514351 0.518956 0.523564 0.528174 0.532787 0.537401 0.542017 0.546634 0.551252 0.555871 0.560490 0.565109 0.569728 0.574347 0.578965 0.583581 0.588196 0.592809 0.597420 0.602029 0.606635 0.611239 0.615839 0.620435 0.625027 0.629616 0.634199 0.638778 0.643352 0.647921 0.652483 0.657040 0.661591 0.666134 0.670671 0.675201 0.679723 0.684237 0.688744 0.693241 0.697730 0.702210 0.706681 0.711142 0.715593 0.720034 0.724464 0.728883 0.733291 0.737688 0.742073 0.746446 0.750806 0.755154 0.759488 0.763810 0.768118 0.772412 0.776691 0.780956 0.785207 0.789442 0.793662 0.797866 0.802054 0.806226 0.810381 0.814519 0.818640 0.822744 0.826829 0.830897 0.834945 0.838976 0.842987 0.846978 0.850951 0.854902 0.858811 0.862655 0.866435 0.870152 0.873808 0.877404 0.880941 0.884421 0.887844 0.891213 0.894528 0.897790 0.901001 0.904163 0.907276 0.910342 0.913361 0.916336 0.919268 0.922157 0.925006 0.927815 0.930585 0.933319 0.936016 0.938680 0.941310 0.943908 0.946475 0.949013 0.951523 0.954006 0.956463 0.958897 0.961307 0.963695 0.966063 0.968412 0.970743 0.973058 0.975357 0.977642 0.979914 0.982175 0.984425 0.986667 0.988901 0.991128 0.993350 0.995569 0.997785 1.000000))
(time 0)
(channel blue)
(curve
    (curve-type smooth)
    (n-points 17)
    (points 34 0.000000 0.000000 -1.000000 -1.000000 -1.000000 -1.000000 -1.000000 -1.000000 0.267045 0.351562 -1.000000 -1.000000 -1.000000 -1.000000 -1.000000 -1.000000 -1.000000 -1.000000 -1.000000 -1.000000 0.636364 0.808594 -1.000000 -1.000000 -1.000000 -1.000000 -1.000000 -1.000000 -1.000000 -1.000000 0.917647 1.000000 -1.000000 -1.000000)
    (n-samples 256)
    (samples 256 0.000000 0.005253 0.010505 0.015757 0.021009 0.026261 0.031511 0.036761 0.042011 0.047259 0.052507 0.057753 0.062998 0.068241 0.073483 0.078723 0.083962 0.089199 0.094434 0.099666 0.104897 0.110125 0.115351 0.120574 0.125794 0.131012 0.136227 0.141438 0.146647 0.151852 0.157054 0.162253 0.167448 0.172639 0.177826 0.183010 0.188189 0.193364 0.198535 0.203701 0.208863 0.214020 0.219173 0.224320 0.229463 0.234600 0.239732 0.244859 0.249981 0.255096 0.260206 0.265311 0.270409 0.275501 0.280588 0.285667 0.290741 0.295808 0.300868 0.305922 0.310968 0.316008 0.321041 0.326066 0.331084 0.336095 0.341098 0.346094 0.351562 0.356553 0.361557 0.366574 0.371605 0.376647 0.381702 0.386768 0.391844 0.396931 0.402027 0.407132 0.412246 0.417367 0.422496 0.427632 0.432774 0.437922 0.443074 0.448232 0.453394 0.458559 0.463727 0.468897 0.474070 0.479243 0.484418 0.489592 0.494767 0.499940 0.505112 0.510282 0.515449 0.520614 0.525774 0.530931 0.536083 0.541229 0.546370 0.551504 0.556631 0.561751 0.566862 0.571965 0.577059 0.582144 0.587218 0.592281 0.597332 0.602372 0.607400 0.612414 0.617415 0.622402 0.627374 0.632331 0.637272 0.642196 0.647104 0.651995 0.656867 0.661721 0.666556 0.671371 0.676166 0.680941 0.685694 0.690425 0.695134 0.699820 0.704482 0.709121 0.713735 0.718323 0.722886 0.727423 0.731933 0.736416 0.740871 0.745297 0.749694 0.754062 0.758400 0.762707 0.766983 0.771227 0.775439 0.779618 0.783763 0.787875 0.791952 0.795994 0.800001 0.803971 0.808594 0.812476 0.816308 0.820089 0.823821 0.827503 0.831137 0.834724 0.838264 0.841758 0.845206 0.848610 0.851970 0.855287 0.858561 0.861794 0.864985 0.868137 0.871248 0.874321 0.877356 0.880353 0.883314 0.886238 0.889128 0.891983 0.894804 0.897592 0.900348 0.903072 0.905765 0.908428 0.911062 0.913666 0.916243 0.918793 0.921316 0.923813 0.926285 0.928733 0.931157 0.933558 0.935937 0.938294 0.940631 0.942948 0.945245 0.947523 0.949784 0.952028 0.954255 0.956466 0.958663 0.960845 0.963014 0.965170 0.967313 0.969446 0.971568 0.973679 0.975782 0.977876 0.979962 0.982042 0.984115 0.986182 0.988245 0.990303 0.992358 0.994411 0.996461 0.998510 1.000000 1.000000 1.000000 1.000000 1.000000 1.000000 1.000000 1.000000 1.000000 1.000000 1.000000 1.000000 1.000000 1.000000 1.000000 1.000000 1.000000 1.000000 1.000000 1.000000 1.000000 1.000000))
(time 0)
(channel alpha)
(curve
    (curve-type smooth)
    (n-points 17)
    (points 34 0.000000 0.000000 -1.000000 -1.000000 -1.000000 -1.000000 -1.000000 -1.000000 -1.000000 -1.000000 -1.000000 -1.000000 -1.000000 -1.000000 -1.000000 -1.000000 -1.000000 -1.000000 -1.000000 -1.000000 -1.000000 -1.000000 -1.000000 -1.000000 -1.000000 -1.000000 -1.000000 -1.000000 -1.000000 -1.000000 -1.000000 -1.000000 1.000000 1.000000)
    (n-samples 256)
    (samples 256 0.000000 0.003922 0.007843 0.011765 0.015686 0.019608 0.023529 0.027451 0.031373 0.035294 0.039216 0.043137 0.047059 0.050980 0.054902 0.058824 0.062745 0.066667 0.070588 0.074510 0.078431 0.082353 0.086275 0.090196 0.094118 0.098039 0.101961 0.105882 0.109804 0.113725 0.117647 0.121569 0.125490 0.129412 0.133333 0.137255 0.141176 0.145098 0.149020 0.152941 0.156863 0.160784 0.164706 0.168627 0.172549 0.176471 0.180392 0.184314 0.188235 0.192157 0.196078 0.200000 0.203922 0.207843 0.211765 0.215686 0.219608 0.223529 0.227451 0.231373 0.235294 0.239216 0.243137 0.247059 0.250980 0.254902 0.258824 0.262745 0.266667 0.270588 0.274510 0.278431 0.282353 0.286275 0.290196 0.294118 0.298039 0.301961 0.305882 0.309804 0.313725 0.317647 0.321569 0.325490 0.329412 0.333333 0.337255 0.341176 0.345098 0.349020 0.352941 0.356863 0.360784 0.364706 0.368627 0.372549 0.376471 0.380392 0.384314 0.388235 0.392157 0.396078 0.400000 0.403922 0.407843 0.411765 0.415686 0.419608 0.423529 0.427451 0.431373 0.435294 0.439216 0.443137 0.447059 0.450980 0.454902 0.458824 0.462745 0.466667 0.470588 0.474510 0.478431 0.482353 0.486275 0.490196 0.494118 0.498039 0.501961 0.505882 0.509804 0.513725 0.517647 0.521569 0.525490 0.529412 0.533333 0.537255 0.541176 0.545098 0.549020 0.552941 0.556863 0.560784 0.564706 0.568627 0.572549 0.576471 0.580392 0.584314 0.588235 0.592157 0.596078 0.600000 0.603922 0.607843 0.611765 0.615686 0.619608 0.623529 0.627451 0.631373 0.635294 0.639216 0.643137 0.647059 0.650980 0.654902 0.658824 0.662745 0.666667 0.670588 0.674510 0.678431 0.682353 0.686275 0.690196 0.694118 0.698039 0.701961 0.705882 0.709804 0.713725 0.717647 0.721569 0.725490 0.729412 0.733333 0.737255 0.741176 0.745098 0.749020 0.752941 0.756863 0.760784 0.764706 0.768627 0.772549 0.776471 0.780392 0.784314 0.788235 0.792157 0.796078 0.800000 0.803922 0.807843 0.811765 0.815686 0.819608 0.823529 0.827451 0.831373 0.835294 0.839216 0.843137 0.847059 0.850980 0.854902 0.858824 0.862745 0.866667 0.870588 0.874510 0.878431 0.882353 0.886275 0.890196 0.894118 0.898039 0.901961 0.905882 0.909804 0.913725 0.917647 0.921569 0.925490 0.929412 0.933333 0.937255 0.941176 0.945098 0.949020 0.952941 0.956863 0.960784 0.964706 0.968627 0.972549 0.976471 0.980392 0.984314 0.988235 0.992157 0.996078 1.000000))

# end of curves tool settings
