# GIMP curves tool settings

(time 0)
(channel value)
(curve
    (curve-type smooth)
    (n-points 17)
    (points 34 0.000000 0.000000 -1.000000 -1.000000 -1.000000 -1.000000 -1.000000 -1.000000 -1.000000 -1.000000 -1.000000 -1.000000 -1.000000 -1.000000 -1.000000 -1.000000 -1.000000 -1.000000 -1.000000 -1.000000 -1.000000 -1.000000 -1.000000 -1.000000 -1.000000 -1.000000 -1.000000 -1.000000 -1.000000 -1.000000 -1.000000 -1.000000 1.000000 1.000000)
    (n-samples 256)
    (samples 256 0.000000 0.003922 0.007843 0.011765 0.015686 0.019608 0.023529 0.027451 0.031373 0.035294 0.039216 0.043137 0.047059 0.050980 0.054902 0.058824 0.062745 0.066667 0.070588 0.074510 0.078431 0.082353 0.086275 0.090196 0.094118 0.098039 0.101961 0.105882 0.109804 0.113725 0.117647 0.121569 0.125490 0.129412 0.133333 0.137255 0.141176 0.145098 0.149020 0.152941 0.156863 0.160784 0.164706 0.168627 0.172549 0.176471 0.180392 0.184314 0.188235 0.192157 0.196078 0.200000 0.203922 0.207843 0.211765 0.215686 0.219608 0.223529 0.227451 0.231373 0.235294 0.239216 0.243137 0.247059 0.250980 0.254902 0.258824 0.262745 0.266667 0.270588 0.274510 0.278431 0.282353 0.286275 0.290196 0.294118 0.298039 0.301961 0.305882 0.309804 0.313725 0.317647 0.321569 0.325490 0.329412 0.333333 0.337255 0.341176 0.345098 0.349020 0.352941 0.356863 0.360784 0.364706 0.368627 0.372549 0.376471 0.380392 0.384314 0.388235 0.392157 0.396078 0.400000 0.403922 0.407843 0.411765 0.415686 0.419608 0.423529 0.427451 0.431373 0.435294 0.439216 0.443137 0.447059 0.450980 0.454902 0.458824 0.462745 0.466667 0.470588 0.474510 0.478431 0.482353 0.486275 0.490196 0.494118 0.498039 0.501961 0.505882 0.509804 0.513725 0.517647 0.521569 0.525490 0.529412 0.533333 0.537255 0.541176 0.545098 0.549020 0.552941 0.556863 0.560784 0.564706 0.568627 0.572549 0.576471 0.580392 0.584314 0.588235 0.592157 0.596078 0.600000 0.603922 0.607843 0.611765 0.615686 0.619608 0.623529 0.627451 0.631373 0.635294 0.639216 0.643137 0.647059 0.650980 0.654902 0.658824 0.662745 0.666667 0.670588 0.674510 0.678431 0.682353 0.686275 0.690196 0.694118 0.698039 0.701961 0.705882 0.709804 0.713725 0.717647 0.721569 0.725490 0.729412 0.733333 0.737255 0.741176 0.745098 0.749020 0.752941 0.756863 0.760784 0.764706 0.768627 0.772549 0.776471 0.780392 0.784314 0.788235 0.792157 0.796078 0.800000 0.803922 0.807843 0.811765 0.815686 0.819608 0.823529 0.827451 0.831373 0.835294 0.839216 0.843137 0.847059 0.850980 0.854902 0.858824 0.862745 0.866667 0.870588 0.874510 0.878431 0.882353 0.886275 0.890196 0.894118 0.898039 0.901961 0.905882 0.909804 0.913725 0.917647 0.921569 0.925490 0.929412 0.933333 0.937255 0.941176 0.945098 0.949020 0.952941 0.956863 0.960784 0.964706 0.968627 0.972549 0.976471 0.980392 0.984314 0.988235 0.992157 0.996078 1.000000))
(time 0)
(channel red)
(curve
    (curve-type smooth)
    (n-points 17)
    (points 34 0.000000 0.000000 -1.000000 -1.000000 -1.000000 -1.000000 -1.000000 -1.000000 -1.000000 -1.000000 0.295455 0.640625 -1.000000 -1.000000 -1.000000 -1.000000 -1.000000 -1.000000 -1.000000 -1.000000 -1.000000 -1.000000 -1.000000 -1.000000 -1.000000 -1.000000 -1.000000 -1.000000 0.860795 1.000000 -1.000000 -1.000000 -1.000000 -1.000000)
    (n-samples 256)
    (samples 256 0.000000 0.010476 0.020951 0.031421 0.041884 0.052340 0.062785 0.073217 0.083635 0.094036 0.104419 0.114780 0.125119 0.135433 0.145719 0.155976 0.166202 0.176395 0.186552 0.196671 0.206751 0.216790 0.226784 0.236732 0.246633 0.256483 0.266282 0.276026 0.285713 0.295343 0.304912 0.314418 0.323859 0.333234 0.342540 0.351775 0.360937 0.370024 0.379034 0.387964 0.396813 0.405579 0.414259 0.422851 0.431354 0.439765 0.448082 0.456303 0.464426 0.472449 0.480370 0.488186 0.495896 0.503498 0.510989 0.518367 0.525631 0.532777 0.539805 0.546712 0.553496 0.560154 0.566686 0.573088 0.579358 0.585495 0.591497 0.597360 0.603084 0.608666 0.614104 0.619396 0.624540 0.629534 0.634376 0.640625 0.645159 0.649651 0.654100 0.658508 0.662873 0.667198 0.671481 0.675723 0.679924 0.684086 0.688207 0.692289 0.696331 0.700335 0.704299 0.708225 0.712113 0.715963 0.719776 0.723551 0.727290 0.730991 0.734656 0.738286 0.741879 0.745437 0.748960 0.752447 0.755901 0.759320 0.762705 0.766056 0.769374 0.772658 0.775910 0.779130 0.782317 0.785472 0.788596 0.791688 0.794750 0.797780 0.800781 0.803751 0.806691 0.809602 0.812483 0.815336 0.818160 0.820955 0.823723 0.826463 0.829175 0.831860 0.834519 0.837151 0.839756 0.842336 0.844890 0.847418 0.849922 0.852401 0.854855 0.857285 0.859692 0.862074 0.864434 0.866770 0.869084 0.871375 0.873645 0.875892 0.878118 0.880323 0.882507 0.884670 0.886813 0.888937 0.891040 0.893124 0.895189 0.897235 0.899262 0.901272 0.903263 0.905237 0.907193 0.909133 0.911055 0.912962 0.914852 0.916726 0.918585 0.920429 0.922257 0.924071 0.925871 0.927657 0.929428 0.931187 0.932932 0.934664 0.936384 0.938092 0.939788 0.941472 0.943144 0.944806 0.946456 0.948097 0.949727 0.951347 0.952958 0.954559 0.956152 0.957735 0.959311 0.960878 0.962437 0.963989 0.965534 0.967072 0.968603 0.970128 0.971647 0.973161 0.974669 0.976171 0.977669 0.979163 0.980652 0.982137 0.983619 0.985097 0.986572 0.988045 0.989515 0.990983 0.992449 0.993914 0.995378 0.996840 0.998302 0.999763 1.000000 1.000000 1.000000 1.000000 1.000000 1.000000 1.000000 1.000000 1.000000 1.000000 1.000000 1.000000 1.000000 1.000000 1.000000 1.000000 1.000000 1.000000 1.000000 1.000000 1.000000 1.000000 1.000000 1.000000 1.000000 1.000000 1.000000 1.000000 1.000000 1.000000 1.000000 1.000000 1.000000 1.000000 1.000000 1.000000))
(time 0)
(channel green)
(curve
    (curve-type smooth)
    (n-points 17)
    (points 34 0.000000 0.000000 -1.000000 -1.000000 -1.000000 -1.000000 -1.000000 -1.000000 -1.000000 -1.000000 -1.000000 -1.000000 -1.000000 -1.000000 0.406250 0.191406 -1.000000 -1.000000 -1.000000 -1.000000 -1.000000 -1.000000 -1.000000 -1.000000 -1.000000 -1.000000 -1.000000 -1.000000 -1.000000 -1.000000 0.917614 1.000000 -1.000000 -1.000000)
    (n-samples 256)
    (samples 256 0.000000 0.000635 0.001270 0.001907 0.002546 0.003187 0.003832 0.004481 0.005135 0.005794 0.006460 0.007132 0.007811 0.008499 0.009195 0.009901 0.010618 0.011345 0.012083 0.012834 0.013598 0.014375 0.015166 0.015972 0.016794 0.017633 0.018488 0.019361 0.020252 0.021162 0.022092 0.023042 0.024013 0.025006 0.026021 0.027059 0.028121 0.029208 0.030319 0.031457 0.032620 0.033811 0.035030 0.036277 0.037554 0.038860 0.040196 0.041564 0.042964 0.044396 0.045862 0.047361 0.048895 0.050465 0.052070 0.053712 0.055391 0.057108 0.058864 0.060659 0.062494 0.064370 0.066287 0.068247 0.070249 0.072294 0.074383 0.076518 0.078697 0.080923 0.083196 0.085516 0.087884 0.090301 0.092768 0.095284 0.097852 0.100471 0.103142 0.105867 0.108644 0.111476 0.114363 0.117306 0.120305 0.123361 0.126474 0.129646 0.132877 0.136168 0.139518 0.142930 0.146404 0.149940 0.153539 0.157202 0.160929 0.164722 0.168580 0.172504 0.176496 0.180556 0.184684 0.188881 0.191406 0.195702 0.200042 0.204425 0.208852 0.213322 0.217834 0.222389 0.226985 0.231624 0.236303 0.241024 0.245785 0.250586 0.255427 0.260308 0.265228 0.270187 0.275185 0.280221 0.285294 0.290405 0.295554 0.300739 0.305961 0.311219 0.316513 0.321842 0.327206 0.332606 0.338039 0.343507 0.349009 0.354544 0.360112 0.365713 0.371347 0.377012 0.382710 0.388438 0.394198 0.399989 0.405810 0.411661 0.417542 0.423452 0.429391 0.435359 0.441355 0.447379 0.453431 0.459510 0.465617 0.471750 0.477909 0.484094 0.490305 0.496541 0.502802 0.509088 0.515398 0.521732 0.528090 0.534470 0.540874 0.547300 0.553749 0.560219 0.566711 0.573225 0.579759 0.586313 0.592888 0.599483 0.606097 0.612730 0.619383 0.626053 0.632742 0.639449 0.646173 0.652914 0.659672 0.666447 0.673238 0.680044 0.686866 0.693703 0.700555 0.707421 0.714301 0.721195 0.728103 0.735023 0.741956 0.748902 0.755859 0.762829 0.769809 0.776801 0.783803 0.790816 0.797838 0.804871 0.811912 0.818963 0.826022 0.833090 0.840165 0.847248 0.854339 0.861436 0.868540 0.875650 0.882766 0.889888 0.897015 0.904146 0.911283 0.918423 0.925568 0.932716 0.939867 0.947021 0.954177 0.961336 0.968497 0.975659 0.982822 0.989986 1.000000 1.000000 1.000000 1.000000 1.000000 1.000000 1.000000 1.000000 1.000000 1.000000 1.000000 1.000000 1.000000 1.000000 1.000000 1.000000 1.000000 1.000000 1.000000 1.000000 1.000000 1.000000))
(time 0)
(channel blue)
(curve
    (curve-type smooth)
    (n-points 17)
    (points 34 -1.000000 -1.000000 0.078431 0.000000 -1.000000 -1.000000 -1.000000 -1.000000 -1.000000 -1.000000 -1.000000 -1.000000 -1.000000 -1.000000 -1.000000 -1.000000 -1.000000 -1.000000 0.578736 0.217153 -1.000000 -1.000000 -1.000000 -1.000000 -1.000000 -1.000000 -1.000000 -1.000000 -1.000000 -1.000000 -1.000000 -1.000000 1.000000 0.894531)
    (n-samples 256)
    (samples 256 0.000000 0.000000 0.000000 0.000000 0.000000 0.000000 0.000000 0.000000 0.000000 0.000000 0.000000 0.000000 0.000000 0.000000 0.000000 0.000000 0.000000 0.000000 0.000000 0.000000 0.000000 0.000650 0.001300 0.001952 0.002604 0.003258 0.003914 0.004572 0.005233 0.005897 0.006564 0.007235 0.007911 0.008591 0.009276 0.009967 0.010664 0.011366 0.012076 0.012792 0.013516 0.014247 0.014987 0.015735 0.016492 0.017258 0.018035 0.018821 0.019617 0.020425 0.021243 0.022074 0.022916 0.023771 0.024639 0.025519 0.026414 0.027322 0.028245 0.029182 0.030135 0.031103 0.032087 0.033087 0.034104 0.035138 0.036189 0.037259 0.038346 0.039452 0.040578 0.041722 0.042886 0.044071 0.045276 0.046502 0.047749 0.049018 0.050310 0.051623 0.052960 0.054320 0.055703 0.057111 0.058543 0.059999 0.061481 0.062989 0.064522 0.066082 0.067669 0.069283 0.070924 0.072594 0.074292 0.076018 0.077773 0.079558 0.081373 0.083218 0.085094 0.087001 0.088939 0.090909 0.092911 0.094946 0.097013 0.099114 0.101249 0.103418 0.105622 0.107860 0.110134 0.112443 0.114788 0.117170 0.119589 0.122045 0.124539 0.127070 0.129640 0.132249 0.134897 0.137584 0.140312 0.143080 0.145888 0.148738 0.151629 0.154562 0.157538 0.160556 0.163617 0.166721 0.169869 0.173062 0.176299 0.179581 0.182909 0.186282 0.189702 0.193168 0.196681 0.200241 0.203849 0.207505 0.211209 0.214963 0.217153 0.220995 0.224905 0.228884 0.232931 0.237045 0.241225 0.245472 0.249784 0.254160 0.258600 0.263104 0.267670 0.272298 0.276988 0.281738 0.286548 0.291418 0.296346 0.301333 0.306377 0.311477 0.316634 0.321847 0.327114 0.332436 0.337811 0.343239 0.348719 0.354251 0.359833 0.365466 0.371149 0.376881 0.382661 0.388489 0.394364 0.400285 0.406252 0.412264 0.418321 0.424421 0.430564 0.436750 0.442978 0.449247 0.455557 0.461907 0.468296 0.474723 0.481188 0.487691 0.494230 0.500806 0.507417 0.514062 0.520741 0.527454 0.534200 0.540978 0.547787 0.554627 0.561497 0.568397 0.575326 0.582283 0.589267 0.596278 0.603316 0.610379 0.617467 0.624580 0.631716 0.638875 0.646056 0.653259 0.660484 0.667728 0.674993 0.682276 0.689579 0.696898 0.704235 0.711589 0.718958 0.726343 0.733742 0.741155 0.748582 0.756021 0.763472 0.770934 0.778407 0.785890 0.793382 0.800883 0.808393 0.815909 0.823432 0.830962 0.838497 0.846037 0.853581 0.861128 0.868678 0.876231 0.883785 0.894531))
(time 0)
(channel alpha)
(curve
    (curve-type smooth)
    (n-points 17)
    (points 34 0.000000 0.000000 -1.000000 -1.000000 -1.000000 -1.000000 -1.000000 -1.000000 -1.000000 -1.000000 -1.000000 -1.000000 -1.000000 -1.000000 -1.000000 -1.000000 -1.000000 -1.000000 -1.000000 -1.000000 -1.000000 -1.000000 -1.000000 -1.000000 -1.000000 -1.000000 -1.000000 -1.000000 -1.000000 -1.000000 -1.000000 -1.000000 1.000000 1.000000)
    (n-samples 256)
    (samples 256 0.000000 0.003922 0.007843 0.011765 0.015686 0.019608 0.023529 0.027451 0.031373 0.035294 0.039216 0.043137 0.047059 0.050980 0.054902 0.058824 0.062745 0.066667 0.070588 0.074510 0.078431 0.082353 0.086275 0.090196 0.094118 0.098039 0.101961 0.105882 0.109804 0.113725 0.117647 0.121569 0.125490 0.129412 0.133333 0.137255 0.141176 0.145098 0.149020 0.152941 0.156863 0.160784 0.164706 0.168627 0.172549 0.176471 0.180392 0.184314 0.188235 0.192157 0.196078 0.200000 0.203922 0.207843 0.211765 0.215686 0.219608 0.223529 0.227451 0.231373 0.235294 0.239216 0.243137 0.247059 0.250980 0.254902 0.258824 0.262745 0.266667 0.270588 0.274510 0.278431 0.282353 0.286275 0.290196 0.294118 0.298039 0.301961 0.305882 0.309804 0.313725 0.317647 0.321569 0.325490 0.329412 0.333333 0.337255 0.341176 0.345098 0.349020 0.352941 0.356863 0.360784 0.364706 0.368627 0.372549 0.376471 0.380392 0.384314 0.388235 0.392157 0.396078 0.400000 0.403922 0.407843 0.411765 0.415686 0.419608 0.423529 0.427451 0.431373 0.435294 0.439216 0.443137 0.447059 0.450980 0.454902 0.458824 0.462745 0.466667 0.470588 0.474510 0.478431 0.482353 0.486275 0.490196 0.494118 0.498039 0.501961 0.505882 0.509804 0.513725 0.517647 0.521569 0.525490 0.529412 0.533333 0.537255 0.541176 0.545098 0.549020 0.552941 0.556863 0.560784 0.564706 0.568627 0.572549 0.576471 0.580392 0.584314 0.588235 0.592157 0.596078 0.600000 0.603922 0.607843 0.611765 0.615686 0.619608 0.623529 0.627451 0.631373 0.635294 0.639216 0.643137 0.647059 0.650980 0.654902 0.658824 0.662745 0.666667 0.670588 0.674510 0.678431 0.682353 0.686275 0.690196 0.694118 0.698039 0.701961 0.705882 0.709804 0.713725 0.717647 0.721569 0.725490 0.729412 0.733333 0.737255 0.741176 0.745098 0.749020 0.752941 0.756863 0.760784 0.764706 0.768627 0.772549 0.776471 0.780392 0.784314 0.788235 0.792157 0.796078 0.800000 0.803922 0.807843 0.811765 0.815686 0.819608 0.823529 0.827451 0.831373 0.835294 0.839216 0.843137 0.847059 0.850980 0.854902 0.858824 0.862745 0.866667 0.870588 0.874510 0.878431 0.882353 0.886275 0.890196 0.894118 0.898039 0.901961 0.905882 0.909804 0.913725 0.917647 0.921569 0.925490 0.929412 0.933333 0.937255 0.941176 0.945098 0.949020 0.952941 0.956863 0.960784 0.964706 0.968627 0.972549 0.976471 0.980392 0.984314 0.988235 0.992157 0.996078 1.000000))

# end of curves tool settings
